back_1: 1
        0.00,    0.00
     1500.00,    0.00
     1500.00, 1082.07
        0.00, 1082.07
base: 1
        0.00,    0.00
     1500.00,    0.00
     1500.00,  859.20
        0.00,  859.20
column_support: 3
        0.00,    0.00
        0.00, 1186.55
       70.97, 1154.20
      222.19,  296.64
      505.47,   18.00
      505.47,    0.00
back_2: 1
        0.00,    0.00
     1500.00,    0.00
     1500.00,  360.69
        0.00,  360.69
column_front: 1
        0.00,    0.00
      420.00,    0.00
      420.00, 1188.55
        0.00, 1188.55
back_brace_bb: 2
        0.00,    0.00
        0.00,  670.00
      150.50,  670.00
       90.00,  502.50
       90.00,  167.50
      220.00,   18.00
      220.00,    0.00
back_brace_hb: 2
        0.00,    0.00
        0.00,  590.00
       67.50,  446.67
       67.50,  167.50
      220.00,   18.00
      220.00,    0.00
lasers_top: 1
        0.00,    0.00
      976.00,    0.00
      976.00,   78.00
        0.00,   78.00
electronics_cover: 1
        0.00,    0.00
      183.00,    0.00
      183.00,  374.78
        0.00,  374.78
lasers_bottom: 1
        0.00,    0.00
      940.00,    0.00
      940.00,   60.00
        0.00,   60.00
bike_clamp_support: 1
        0.00,    0.00
      330.00,    0.00
      330.00,  168.50
        0.00,  168.50
bike_clamp: 1
        0.00,    0.00
      330.00,    0.00
      330.00,  168.50
        0.00,  168.50
length_brace: 3
        0.00,    0.00
     1300.00,    0.00
     1300.00,   39.00
        0.00,   39.00
channel: 2
        0.00,    0.00
     1500.00,    0.00
     1500.00,   33.00
        0.00,   33.00
column_support_brace_1: 2
        0.00,    0.00
      183.00,    0.00
      183.00,  222.19
        0.00,  222.19
column_support_brace_2: 2
        0.00,    0.00
      183.00,    0.00
      183.00,  146.58
        0.00,  146.58
laser_side: 2
        0.00,    0.00
      710.00,    0.00
      710.00,   37.00
        0.00,   37.00
col_suppport_tab: 3
        0.00,    0.00
        0.00,   50.80
      472.12,   50.80
      505.47,   18.00
      505.47,    0.00
width_brace: 7
        0.00,    0.00
      605.20,    0.00
      605.20,   39.00
        0.00,   39.00
lasers_front: 1
        0.00,    0.00
      940.00,    0.00
      940.00,   20.00
        0.00,   20.00
bike_clamp_channel: 2
        0.00,    0.00
      330.00,    0.00
      330.00,   50.00
        0.00,   50.00
electronics_cover_block: 2
        0.00,    0.00
       36.00,    0.00
       36.00,  374.78
        0.00,  374.78
back_brace_hb_tab: 2
        0.00,    0.00
        0.00,   50.80
      186.54,   50.80
      220.00,   18.00
      220.00,    0.00
back_brace_bb_tab: 2
        0.00,    0.00
        0.00,   50.80
      191.48,   50.80
      220.00,   18.00
      220.00,    0.00
hb_brace_strut: 2
        0.00,    0.00
       80.00,    0.00
       80.00,  130.80
        0.00,  130.80
hb_brace_pad: 2
        0.00,    0.00
       80.00,    0.00
       80.00,   80.00
        0.00,   80.00
lasers_end: 2
        0.00,    0.00
       78.00,    0.00
       78.00,   55.00
        0.00,   55.00
laser_clamp: 5
        0.00,    0.00
       23.00,    0.00
       23.00,   29.25
       30.25,   29.25
       30.25,   26.75
       40.25,   26.75
       40.25,   36.00
       14.00,   36.00
       14.00,   18.00
        0.00,   18.00
