back_1: 1
        0.00,    0.00
     1500.00,    0.00
     1500.00,  953.15
        0.00,  953.15
back_2: 1
        0.00,    0.00
     1500.00,    0.00
     1500.00,  317.72
        0.00,  317.72
back_brace_bb: 2
        0.00,    0.00
        0.00,  670.00
      150.50,  670.00
      150.50,  602.00
       90.00,  569.50
       90.00,  100.50
      220.00,   18.00
      220.00,    0.00
back_brace_bb_tab: 2
        0.00,    0.00
        0.00,   50.80
      168.31,   50.80
      220.00,   18.00
      220.00,    0.00
back_brace_hb: 2
        0.00,    0.00
        0.00,  590.00
       18.00,  590.00
       67.50,  489.10
       67.50,  100.50
      220.00,   18.00
      220.00,    0.00
back_brace_hb_tab: 2
        0.00,    0.00
        0.00,   50.80
      159.37,   50.80
      220.00,   18.00
      220.00,    0.00
base: 1
        0.00,    0.00
     1500.00,    0.00
     1500.00,  784.46
        0.00,  784.46
bike_clamp: 1
        0.00,    0.00
      330.00,    0.00
      330.00,  168.50
        0.00,  168.50
bike_clamp_channel: 2
        0.00,    0.00
      330.00,    0.00
      330.00,   50.00
        0.00,   50.00
bike_clamp_support: 1
        0.00,    0.00
      330.00,    0.00
      330.00,  168.50
        0.00,  168.50
bike_clamp_tab: 2
        0.00,    0.00
      245.00,    0.00
      245.00,   50.00
        0.00,   50.00
channel: 2
        0.00,    0.00
     1500.00,    0.00
     1500.00,   33.00
        0.00,   33.00
col_suppport_tab: 3
        0.00,    0.00
        0.00,   50.80
      356.43,   50.80
      427.72,   18.00
      427.72,    0.00
column_front: 1
        0.00,    0.00
      420.00,    0.00
      420.00, 1103.95
        0.00, 1103.95
column_support: 3
        0.00,    0.00
        0.00, 1101.95
       68.22, 1064.14
      191.09,  201.00
      248.41,  100.50
      427.72,   18.00
      427.72,    0.00
column_support_brace_1: 2
        0.00,    0.00
      183.00,    0.00
      183.00,  191.09
        0.00,  191.09
column_support_brace_2: 2
        0.00,    0.00
      183.00,    0.00
      183.00,  129.65
        0.00,  129.65
cross_brace: 6
        0.00,    0.00
      195.67,    0.00
      195.67,   39.00
        0.00,   39.00
electronics_cover: 1
        0.00,    0.00
      183.00,    0.00
      183.00,  427.82
        0.00,  427.82
electronics_cover_block: 2
        0.00,    0.00
       36.00,    0.00
       36.00,  427.82
        0.00,  427.82
laser_shelf: 1
        0.00,    0.00
       75.00,    0.00
       75.00,   85.00
        0.00,   85.00
laser_side: 2
        0.00,    0.00
      710.00,    0.00
      710.00,   37.00
        0.00,   37.00
lasers_bottom: 1
        0.00,    0.00
      940.00,    0.00
      940.00,   60.00
        0.00,   60.00
lasers_end: 2
        0.00,    0.00
       78.00,    0.00
       78.00,   55.00
        0.00,   55.00
lasers_front: 1
        0.00,    0.00
      940.00,    0.00
      940.00,   20.00
        0.00,   20.00
lasers_top: 1
        0.00,    0.00
      976.00,    0.00
      976.00,   78.00
        0.00,   78.00
length_brace: 3
        0.00,    0.00
     1300.00,    0.00
     1300.00,   39.00
        0.00,   39.00
shuttle_extension: 1
        0.00,    0.00
       55.05,    0.00
       55.05,  130.00
        0.00,  130.00
shuttle_rail: 2
        0.00,    0.00
        9.38,    0.00
        9.38,  130.00
        0.00,  130.00
shuttle_shelf: 1
        0.00,    0.00
       75.00,    0.00
       75.00,  103.05
        0.00,  103.05
shuttle_top: 1
        0.00,    0.00
       55.05,    0.00
       55.05,  130.00
        0.00,  130.00
tab_block: 1
        0.00,    0.00
       40.00,    0.00
       40.00,   40.00
        0.00,   40.00
te_base: 2
        0.00,    0.00
      600.00,    0.00
      600.00,  100.00
        0.00,  100.00
te_over: 4
        0.00,    0.00
      120.00,    0.00
      120.00,   33.00
        0.00,   33.00
te_rail: 4
        0.00,    0.00
      600.00,    0.00
      600.00,   33.00
        0.00,   33.00
te_under: 2
        0.00,    0.00
      150.00,    0.00
      150.00,  100.00
        0.00,  100.00
width_brace: 7
        0.00,    0.00
      530.46,    0.00
      530.46,   39.00
        0.00,   39.00
